2
3
6
8
9
10
14
17
18
19
20
22
23
27
29
30
34
35
38
40
42
46
48
52
53
54
57
58
59
61
62
63
64
65
66
69
70
71
74
78
82
84
90
94
102
107
108
109
111
115
117
118
120
122
127
128
131
132
133
138
139
143
145
146
148
149
150
151
156
157
160
161
162
163
167
169
171
174
180
182
186
188
192
193
194
195
196
199
201
203
205
207
214
217
218
220
224
225
226
227
232
234
235
236
240
242
245
246
248
250
255
256
259
262
266
267
268
269
272
274
275
280
281
282
285
286
287
289
290
291
292
293
297
299
300
304
305
314
318
319
320
324
325
328
331
335
340
341
344
348
349
350
351
352
355
357
358
364
366
369
370
371
376
377
380
381
382
384
388
393
406
408
411
412
414
418
419
425
428
430
431
437
438
439
440
441
442
444
445
447
448
449
452
455
456
458
460
463
467
469
470
471
475
477
479
481
482
484
486
488
490
491
492
494
496
497
501
503
509
514
515
516
518
519
525
527
528
531
532
533
534
536
537
539
540
541
544
546
550
552
554
557
558
559
561
562
563
564
565
568
569
570
573
576
578
579
581
582
584
589
590
596
597
600
601
605
608
609
611
612
613
614
615
617
622
624
628
629
631
634
639
641
643
649
650
651
652
655
659
661
662
663
665
667
669
673
674
678
682
683
686
687
690
692
694
697
699
703
704
705
708
709
711
714
717
718
720
722
723
724
726
727
731
733
734
736
739
740
741
742
745
746
754
763
764
766
768
769
770
771
772
773
775
778
779
782
784
785
788
790
791
792
795
798
799
800
801
803
807
811
812
815
817
824
825
826
828
830
831
836
838
842
845
846
847
855
857
858
859
860
863
869
870
872
876
878
879
880
882
885
887
889
891
894
900
902
904
905
910
911
912
913
915
916
917
919
920
922
923
926
927
928
931
934
936
937
940
941
942
946
952
955
960
961
963
967
974
977
981
984
985
986
991
993
995
996
997
998
1001
1005
1007
1008
1011
1013
1014
1018
1022
1024
1026
1027
1030
1031
1032
1033
1034
1035
1044
1047
1050
1053
1054
1056
1057
1061
1062
1063
1065
1066
1069
1070
1072
1073
1078
1080
1085
1086
1090
1092
1093
1096
1099
1100
1101
1102
1103
1104
1106
1108
1109
1110
1111
1114
1118
1122
1123
1124
1126
1127
1129
1131
1136
1137
1138
1139
1140
1146
1147
1150
1151
1158
1159
1161
1163
1164
1165
1166
1169
1170
1172
1174
1175
1176
1178
1179
1182
1186
1187
1191
1192
1194
1196
1198
1202
1203
1204
1206
1207
1209
1210
1211
1212
1213
1214
1216
1219
1220
1221
1223
1227
1228
1230
1232
1236
1240
1241
1243
1246
1247
1249
1252
1256
1257
1259
1263
1265
1268
1271
1276
1283
1287
1288
1290
1292
1293
1296
1302
1303
1308
1309
1316
1317
1325
1327
1329
1331
1334
1336
1337
1338
1339
1340
1341
1342
1343
1346
1349
1351
1353
1354
1356
1357
1358
1364
1365
1366
1368
1370
1373
1374
1375
1377
1379
1380
1384
1387
1388
1389
1398
1400
1408
1410
1412
1413
1417
1420
1423
1425
1426
1428
1432
1434
1436
1438
1439
1440
1441
1442
1443
1444
1451
1452
1454
1458
1459
1461
1462
1465
1468
1469
1471
1472
1473
1478
1479
1481
1486
1487
1491
1492
1495
1496
1498
1505
1509
1510
1516
1521
1526
1530
1531
1537
1539
1541
1542
1543
1546
1547
1554
1555
1556
1557
1558
1560
1561
1562
1565
1567
1572
1574
1576
1578
1580
1581
1584
1586
1587
1590
1592
1594
1597
1601
1604
1605
1606
1607
1612
1618
1619
1626
1628
1629
1630
1631
1637
1638
1639
1640
1645
1646
1649
1651
1652
1654
1656
1657
1658
1660
1661
1667
1669
1670
1671
1672
1674
1675
1677
1678
1679
1680
1681
1682
1684
1685
1689
1690
1692
1694
1698
1705
1707
1708
1712
1714
1715
1716
1720
1721
1726
1728
1729
1731
1733
1735
1738
1740
1742
1744
1746
1748
1749
1751
1758
1760
1761
1762
1763
1764
1767
1768
1769
1770
1773
1778
1779
1780
1781
1783
1787
1792
1793
1799
1800
1804
1805
1807
1809
1812
1820
1823
1824
1826
1827
1828
1837
1839
1842
1843
1844
1846
1847
1848
1849
1851
1857
1859
1860
1861
1863
1865
1867
1868
1871
1877
1878
1880
1881
1882
1884
1886
1887
1894
1899
1906
1909
1912
1915
1920
1921
1922
1923
1926
1930
1935
1937
1938
1939
1940
1941
1942
1943
1944
1946
1948
1956
1957
1958
1960
1961
1962
1963
1965
1966
1967
1968
1970
1972
1974
1975
1976
1977
1979
1980
1981
1982
1985
1986
1987
1988
1989
1990
1998
2000
2003
2006
2008
2009
2011
2013
2015
2016
2017
2018
2022
2028
2029
2031
2035
2039
2040
2041
2046
2047
2048
2050
2052
2053
2054
2055
2058
2059
2060
2061
2062
2066
2068
2069
2071
2072
2076
2077
2078
2081
2089
2091
2093
2094
2096
2103
2105
2106
2107
2109
2110
2112
2113
2114
2117
2121
2122
2123
2124
2125
2127
2129
2131
2132
2133
2134
2138
2139
2141
2142
2146
2148
2149
2150
2151
2154
2158
2159
2163
2165
2166
2173
2176
2183
2184
2185
2186
2188
2189
2190
2192
2194
2201
2202
2205
2206
2208
2212
2213
2214
2217
2218
2219
2222
2228
2229
2230
2232
2234
2235
2239
2240
2243
2244
2245
2248
2250
2251
2252
2255
2256
2257
2260
2261
2262
2263
2265
2267
2268
2270
2271
2274
2277
2278
2279
2280
2281
2282
2284
2286
2287
2288
2294
2295
2296
2301
2303
2304
2305
2306
2310
2311
2312
2315
2316
2321
2322
2325
2327
2334
2336
2338
2342
2349
2351
2352
2356
2363
2365
2366
2371
2373
2374
2377
2379
2385
2386
2388
2391
2392
2395
2398
2400
2402
2403
2405
2407
2409
2413
2416
2417
2418
2419
2420
2423
2425
2429
2432
2433
2435
2436
2439
2443
2444
2447
2448
2454
2456
2457
2458
2463
2465
2466
2468
2469
2472
2473
2474
2479
2482
2485
2486
2487
2490
2492
2494
2496
2498
2499
2503
2504
2505
2507
2509
2511
2515
2518
2520
2521
2522
2525
2526
2528
2529
2530
2532
2534
2536
2538
2539
2541
2542
2544
2547
2548
2549
2550
2551
2552
2554
2555
2556
2561
2562
2565
2566
2567
2570
2571
2572
2573
2580
2582
2583
2584
2587
2589
2590
2591
2592
2596
2597
2599
2600
2601
2602
2605
2611
2612
2613
2614
2615
2617
2618
2621
2626
2628
2629
2630
2632
2633
2637
2638
2640
2641
2642
2644
2645
2647
2649
2653
2654
2655
2656
2657
2660
2661
2662
2668
2669
2670
2676
2680
2681
2684
2685
2688
2697
2698
2700
2702
2703
2708
2710
2716
2718
2720
2723
2726
2727
2728
2729
2730
2731
2733
2735
2738
2740
2742
2744
2745
2746
2748
2749
2750
2751
2753
2755
2757
2758
2759
2761
2762
2763
2764
2765
2766
2767
2768
2769
2771
2772
2773
2775
2778
2779
2782
2786
2788
2789
2790
2794
2795
2797
2798
2800
2804
2808
2809
2810
2812
2815
2817
2818
2819
2820
2821
2823
2825
2826
2828
2830
2831
2833
2834
2835
2836
2837
2838
2839
2840
2847
2848
2849
2850
2852
2855
2861
2863
2864
2865
2867
2868
2870
2871
2872
2874
2876
2877
2878
2881
2886
2889
2890
2893
2894
2895
2896
2899
2900
2901
2902
2904
2905
2906
2910
2914
2917
2919
2920
2921
2923
2924
2925
2926
2931
2932
2934
2937
2942
2946
2947
2949
2953
2954
2955
2956
2958
2959
2961
2962
2966
2968
2973
2975
2977
2978
2982
2983
2988
2990
2991
2995
2999
3003
3004
3005
3006
3008
3009
3010
3012
3014
3015
3016
3017
3025
3027
3028
3030
3033
3036
3038
3040
3041
3043
3044
3046
3047
3048
3049
3052
3053
3054
3055
3056
3057
3058
3060
3062
3064
3067
3068
3069
3073
3080
3082
3083
3087
3090
3091
3092
3095
3099
3101
3104
3107
3109
3116
3123
3129
3130
3131
3133
3134
3137
3139
3140
3144
3145
3146
3148
3149
3151
3152
3154
3155
3156
3158
3162
3164
3166
3167
3172
3173
3178
3179
3181
3182
3185
3187
3190
3191
3196
3200
3201
3202
3203
3205
3206
3208
3214
3215
3217
3219
3220
3221
3222
3223
3227
3228
3229
3230
3234
3239
3240
3243
3245
3246
3247
3251
3252
3253
3255
3258
3260
3261
3262
3263
3270
3274
3275
3276
3277
3278
3279
3280
3281
3282
3283
3285
3286
3287
3288
3290
3292
3293
3298
3299
3302
3304
3306
3310
3311
3312
3315
3318
3319
3326
3327
3332
3335
3344
3346
3347
3350
3351
3352
3353
3355
3356
3360
3363
3366
3369
3373
3375
3379
3381
3385
3387
3390
3393
3395
3396
3401
3409
3417
3419
3424
3425
3426
3433
3438
3439
3441
3444
3446
3448
3449
3452
3453
3457
3461
3462
3464
3468
3469
3471
3473
3475
3478
3479
3480
3481
3482
3487
3488
3489
3490
3494
3495
3496
3497
3499
3507
3510
3511
3512
3515
3517
3518
3521
3522
3525
3526
3527
3528
3531
3532
3535
3536
3539
3541
3544
3546
3547
3555
3556
3560
3562
3564
3565
3567
3570
3571
3572
3575
3580
3585
3586
3588
3589
3592
3593
3594
3595
3596
3597
3603
3605
3607
3609
3610
3611
3613
3616
3617
3623
3627
3628
3630
3632
3633
3634
3635
3637
3638
3640
3642
3644
3646
3648
3651
3655
3656
3657
3658
3662
3666
3667
3668
3669
3671
3674
3675
3678
3679
3684
3685
3687
3690
3692
3695
3696
3699
3701
3702
3703
3705
3707
3708
3709
3711
3714
3715
3716
3720
3722
3724
3725
3726
3727
3728
3732
3733
3735
3736
3738
3739
3740
3741
3742
3744
3745
3746
3748
3749
3751
3754
3755
3759
3762
3763
3765
3767
3768
3771
3772
3773
3775
3777
3781
3782
3786
3790
3792
3793
3796
3797
3800
3806
3807
3808
3810
3812
3813
3815
3818
3820
3821
3826
3827
3828
3830
3831
3834
3837
3840
3841
3845
3847
3850
3851
3855
3857
3861
3863
3864
3866
3867
3870
3872
3874
3876
3877
3881
3883
3884
3885
3886
3887
3888
3889
3892
3896
3898
3900
3901
3902
3903
3904
3905
3906
3907
3908
3912
3914
3915
3917
3918
3920
3921
3922
3925
3928
3930
3934
3936
3939
3940
3942
3943
3947
3948
3949
3950
3951
3953
3954
3955
3956
3957
3958
3959
3960
3961
3964
3971
3972
3974
3975
3977
3981
3982
3983
3984
3985
3986
3987
3991
3994
3997
4001
4004
4005
4006
4008
4009
4011
4012
4016
4019
4021
4022
4023
4025
4026
4031
4032
4033
4034
4037
4039
4043
4045
4046
4047
4049
4050
4051
4055
4056
4058
4064
4067
4071
4073
4074
4075
4079
4081
4082
4086
4087
4088
4089
4091
4095
4097
4098
4099
4100
4101
4103
4107
4109
4110
4112
4115
4123
4129
4131
4132
4135
4137
4139
4140
4147
4148
4149
4151
4154
4158
4159
4160
4162
4165
4166
4169
4171
4172
4173
4175
4179
4180
4181
4185
4187
4188
4189
4191
4193
4194
4199
4200
4203
4206
4208
4210
4211
4216
4218
4225
4230
4231
4233
4237
4238
4239
4241
4246
4247
4250
4253
4255
4257
4258
4259
4261
4263
4269
4273
4274
4275
4277
4278
4280
4281
4283
4284
4285
4287
4288
4291
4293
4295
4296
4298
4299
4301
4307
4308
4310
4316
4321
4324
4325
4328
4329
4331
4332
4335
4336
4337
4340
4344
4345
4347
4350
4353
4356
4357
4358
4360
4361
4363
4365
4369
4370
4371
4372
4374
4375
4376
4381
4382
4383
4384
4385
4392
4394
4396
4400
4404
4406
4412
4422
4426
4427
4428
4430
4433
4436
4441
4443
4452
4453
4460
4463
4466
4468
4477
4480
4481
4482
4483
4485
4489
4490
4491
4492
4494
4496
4497
4499
4501
4505
4513
4514
4519
4524
4527
4528
4530
4532
4537
4538
4540
4541
4542
4544
4545
4549
4551
4552
4553
4554
4555
4556
4558
4559
4560
4561
4564
4565
4566
4569
4570
4571
4572
4574
4576
4577
4579
4585
4586
4587
4588
4589
4590
4592
4595
4597
4600
4603
4606
4607
4610
4612
4616
4617
4618
4619
4620
4622
4623
4624
4626
4627
4628
4631
4633
4637
4639
4640
4641
4642
4643
4645
4648
4649
4650
4653
4655
4660
4664
4665
4667
4668
4669
4672
4673
4674
4680
4682
4687
4689
4690
4694
4697
4698
4699
4700
4701
4707
4708
4714
4716
4717
4718
4719
4720
4721
4722
4728
4729
4730
4731
4732
4734
4735
4737
4738
4741
4742
4746
4749
4750
4751
4753
4756
4758
4759
4762
4766
4769
4770
4771
4772
4776
4778
4780
4781
4784
4785
4786
4787
4788
4790
4791
4793
4794
4797
4799
4800
4801
4803
4807
4808
4809
4810
4811
4815
4816
4817
4818
4819
4823
4826
4828
4829
4830
4832
4833
4838
4839
4840
4841
4842
4843
4844
4845
4847
4849
4850
4852
4853
4854
4856
4864
4865
4868
4870
4873
4874
4878
4879
4880
4882
4883
4884
4886
4889
4891
4898
4901
4903
4904
4908
4912
4914
4915
4917
4920
4921
4925
4927
4931
4934
4937
4938
4940
4943
4949
4952
4953
4955
4957
4960
4963
4964
4967
4968
4969
4970
4974
4975
4976
4977
4978
4979
4981
4985
4987
4990
4994
4995
4997
4999
5001
5002
5005
5006
5008
5010
5013
5014
5015
5016
5018
5028
5030
5031
5034
5036
5037
5041
5045
5047
5048
5050
5052
5053
5054
5055
5056
5059
5064
5065
5067
5070
5071
5072
5074
5075
5076
5078
5079
5080
5083
5086
5087
5089
5091
5094
5095
5100
5104
5105
5107
5111
5112
5114
5119
5120
5121
5123
5124
5127
5132
5133
5139
5140
5141
5145
5149
5151
5152
5154
5156
5157
5158
5159
5160
5161
5163
5164
5165
5169
5171
5173
5175
5176
5185
5186
5190
5194
5196
5198
5199
5200
5201
5204
5205
5208
5210
5211
5214
5215
5216
5217
5220
5222
5223
5227
5229
5232
5234
5241
5243
5244
5248
5249
5252
5254
5258
5259
5260
5261
5262
5264
5265
5267
5268
5270
5271
5272
5273
5275
5277
5280
5288
5289
5292
5298
5299
5302
5303
5308
5310
5311
5312
5313
5315
5316
5320
5321
5322
5323
5324
5325
5328
5330
5331
5335
5338
5341
5342
5343
5344
5347
5348
5350
5352
5353
5354
5357
5359
5362
5363
5364
5369
5375
5378
5381
5382
5383
5385
5386
5393
5395
5400
5401
5402
5403
5404
5405
5406
5407
5408
5409
5411
5416
5420
5422
5424
5425
5427
5429
5430
5431
5433
5435
5444
5447
5448
5450
5451
5452
5453
5454
5456
5459
5463
5465
5468
5471
5473
5475
5477
5479
5480
5481
5483
5485
5487
5488
5489
5490
5491
5492
5496
5497
5499
5500
5502
5505
5507
5508
5510
5512
5513
5518
5519
5520
5522
5524
5526
5529
5531
5532
5533
5534
5536
5538
5539
5541
5542
5547
5550
5552
5554
5555
5556
5557
5562
5563
5567
5568
5572
5573
5574
5580
5582
5584
5585
5591
5593
5594
5597
5602
5605
5609
5610
5611
5615
5616
5617
5618
5619
5621
5623
5624
5627
5629
5632
5635
5636
5639
5644
5646
5648
5650
5652
5656
5659
5662
5663
5664
5668
5669
5670
5671
5673
5674
5675
5678
5679
5680
5681
5684
5685
5687
5689
5690
5695
5697
5698
5700
5703
5707
5708
5709
5712
5716
5718
5722
5723
5724
5727
5728
5730
5731
5732
5733
5735
5737
5738
5740
5742
5746
5749
5752
5754
5756
5758
5760
5761
5762
5763
5764
5766
5768
5769
5772
5775
5776
5779
5780
5782
5783
5784
5786
5787
5790
5793
5795
5796
5801
5807
5808
5811
5812
5815
5816
5820
5821
5828
5830
5833
5834
5836
5838
5839
5841
5842
5844
5848
5850
5854
5857
5858
5861
5862
5863
5868
5869
5874
5875
5881
5883
5886
5887
5892
5893
5897
5898
5899
5900
5902
5903
5906
5907
5909
5911
5912
5914
5915
5916
5917
5920
5921
5924
5925
5926
5927
5930
5931
5934
5935
5936
5937
5939
5940
5942
5943
5944
5945
5946
5951
5952
5953
5954
5957
5958
5961
5962
5964
5973
5975
5977
5978
5979
5980
5983
5986
5987
5988
5992
5994
5996
6000
6002
6003
6004
6005
6006
6008
6010
6012
6013
6017
6019
6020
6022
6023
6027
6031
6039
6041
6045
6046
6050
6051
6053
6055
6056
6057
6058
6059
6060
6065
6066
6067
6068
6070
6073
6076
6079
6080
6083
6085
6087
6088
6091
6092
6093
6097
6099
6103
6105
6108
6109
6116
6117
6120
6122
6123
6126
6129
6130
6131
6133
6135
6136
6137
6138
6141
6143
6144
6145
6146
6148
6149
6151
6152
6155
6160
6161
6162
6165
6167
6168
6170
6172
6173
6174
6175
6177
6182
6185
6186
6193
6196
6197
6198
6201
6203
6204
6205
6209
6210
6211
6212
6213
6215
6216
6217
6218
6219
6222
6225
6230
6232
6233
6234
6237
6238
6239
6240
6241
6243
6245
6252
6253
6254
6256
6257
6258
6259
6260
6264
6267
6270
6271
6272
6273
6276
6279
6281
6282
6284
6285
6286
6287
6288
6289
6290
6296
6297
6299
6300
6302
6303
6305
6306
6307
6308
6314
6316
6317
6323
6324
6325
6326
6328
6331
6333
6341
6344
6346
6347
6351
6352
6356
6357
6359
6361
6364
6365
6366
6369
6370
6372
6377
6378
6379
6381
6383
6386
6387
6388
6390
6393
6394
6395
6396
6397
6399
6403
6409
6410
6411
6412
6414
6418
6419
6422
6424
6425
6429
6430
6433
6434
6435
6436
6438
6445
6446
6447
6448
6455
6458
6459
6460
6461
6462
6463
6464
6465
6468
6469
6472
6473
6474
6475
6476
6480
6486
6487
6488
6490
6493
6496
6497
6503
6504
6509
6512
6516
6517
6522
6523
6525
6526
6529
6530
6531
6535
6536
6537
6538
6539
6542
6544
6546
6547
6551
6553
6554
6556
6557
6559
6561
6562
6563
6565
6567
6570
6572
6575
6576
6579
6583
6586
6587
6590
6596
6598
6599
6600
6601
6603
6605
6607
6608
6609
6611
6613
6615
6616
6617
6618
6619
6620
6622
6623
6624
6628
6630
6631
6632
6634
6635
6636
6638
6639
6640
6643
6644
6651
6653
6654
6656
6657
6659
6660
6661
6662
6663
6665
6667
6668
6669
6670
6671
6672
6675
6676
6678
6679
6680
6682
6683
6687
6689
6690
6692
6693
6694
6695
6696
6697
6698
6702
6703
6704
6705
6708
6709
6712
6714
6715
6718
6719
6721
6725
6727
6730
6732
6735
6736
6738
6741
6742
6743
6749
6753
6757
6759
6760
6762
6763
6764
6765
6766
6767
6769
6770
6771
6773
6774
6777
6779
6780
6783
6784
6785
6786
6787
6788
6790
6792
6794
6799
6804
6807
6808
6810
6811
6812
6816
6818
6819
6822
6823
6826
6827
6829
6830
6832
6833
6836
6837
6839
6842
6843
6845
6848
6852
6856
6857
6858
6859
6860
6863
6866
6868
6871
6873
6875
6881
6882
6888
6890
6892
6893
6894
6895
6896
6899
6900
6903
6904
6906
6910
6911
6912
6914
6915
6916
6917
6918
6920
6922
6926
6928
6929
6931
6939
6941
6944
6946
6954
6956
6957
6960
6961
6963
6974
6976
6977
6979
6980
6983
6984
6985
6986
6987
6988
6990
6993
6996
6999
7000
7001
7003
7004
7007
7008
7010
7013
7014
7017
7019
7023
7025
7027
7028
7030
7031
7032
7033
7036
7037
7038
7039
7042
7043
7044
7047
7051
7052
7053
7055
7056
7057
7058
7059
7060
7061
7062
7063
7066
7068
7069
7070
7071
7073
7074
7075
7078
7079
7083
7087
7088
7090
7092
7094
7095
7098
7099
7100
7101
7102
7106
7107
7108
7109
7113
7114
7115
7116
7117
7118
7119
7121
7125
7126
7129
7130
7132
7135
7137
7138
7139
7142
7144
7145
7146
7147
7149
7151
7152
7156
7157
7159
7160
7161
7162
7165
7167
7169
7170
7173
7174
7175
7181
7182
7183
7186
7193
7195
7198
7199
7200
7205
7209
7210
7211
7212
7214
7218
7220
7221
7223
7224
7227
7228
7230
7232
7239
7240
7243
7244
7248
7249
7251
7258
7260
7261
7262
7263
7264
7265
7269
7271
7273
7274
7275
7276
7278
7279
7281
7283
7286
7290
7291
7292
7294
7296
7297
7301
7302
7303
7304
7305
7306
7310
7312
7313
7319
7321
7324
7326
7327
7330
7333
7340
7343
7344
7345
7346
7348
7349
7350
7351
7352
7356
7359
7361
7362
7364
7369
7372
7373
7376
7379
7380
7386
7387
7390
7391
7396
7398
7399
7400
7401
7404
7405
7406
7407
7408
7409
7410
7411
7413
7414
7415
7416
7417
7418
7422
7425
7428
7430
7432
7434
7435
7436
7438
7440
7441
7442
7443
7445
7449
7451
7452
7453
7455
7457
7459
7460
7465
7466
7467
7469
7470
7472
7473
7474
7475
7477
7478
7481
7483
7484
7485
7488
7489
7491
7492
7493
7496
7497
7499
7501
7502
7510
7514
7520
7522
7526
7529
7531
7539
7541
7542
7543
7544
7545
7546
7547
7548
7550
7552
7553
7556
7559
7560
7561
7562
7563
7564
7566
7568
7569
7570
7571
7572
7573
7574
7577
7578
7579
7581
7582
7585
7590
7594
7596
7597
7598
7599
7601
7603
7604
7605
7608
7613
7614
7615
7616
7619
7621
7622
7624
7626
7631
7633
7636
7637
7640
7641
7645
7646
7649
7653
7659
7661
7662
7663
7665
7666
7671
7673
7674
7675
7678
7680
7682
7685
7686
7687
7689
7690
7691
7694
7697
7698
7700
7701
7702
7703
7704
7705
7706
7707
7708
7715
7717
7719
7722
7724
7725
7726
7727
7732
7734
7737
7738
7739
7740
7741
7743
7744
7745
7750
7754
7755
7759
7761
7763
7765
7768
7769
7773
7775
7779
7781
7787
7788
7789
7792
7794
7797
7800
7802
7804
7805
7807
7808
7809
7810
7813
7814
7816
7819
7821
7822
7828
7831
7832
7833
7835
7836
7838
7840
7841
7842
7843
7847
7849
7850
7854
7855
7858
7860
7863
7864
7866
7867
7868
7869
7872
7873
7874
7876
7877
7879
7880
7881
7883
7886
7887
7889
7893
7894
7895
7896
7897
7898
7901
7902
7903
7904
7905
7906
7907
7908
7910
7915
7916
7920
7921
7923
7926
7927
7929
7930
7933
7935
7936
7938
7939
7940
7942
7945
7947
7951
7955
7956
7957
7960
7962
7964
7965
7966
7970
7980
7983
7986
7987
7988
7989
7992
7993
7994
7996
7997
7999
8002
8004
8005
8007
8008
8009
8010
8012
8014
8021
8022
8023
8025
8026
8029
8030
8031
8032
8034
8036
8037
8038
8041
8042
8043
8045
8048
8049
8050
8051
8052
8053
8054
8055
8058
8059
8060
8061
8063
8064
8065
8069
8070
8071
8073
8075
8076
8077
8078
8079
8080
8081
8082
8083
8085
8086
8088
8091
8093
8094
8095
8096
8098
8100
8102
8103
8105
8107
8109
8111
8112
8113
8116
8117
8118
8119
8120
8123
8124
8125
8127
8129
8130
8134
8135
8136
8139
8141
8142
8146
8152
8153
8159
8167
8168
8171
8173
8176
8179
8181
8185
8187
8190
8192
8193
8194
8195
8200
8207
8210
8211
8212
8213
8215
8218
8219
8222
8228
8229
8231
8232
8233
8235
8236
8237
8241
8242
8243
8244
8246
8248
8250
8260
8261
8262
8264
8266
8267
8268
8270
8271
8277
8278
8280
8282
8284
8288
8292
8293
8294
8295
8298
8304
8306
8308
8309
8310
8313
8318
8319
8321
8322
8328
8329
8331
8332
8333
8334
8335
8338
8341
8343
8344
8347
8348
8349
8350
8353
8358
8359
8360
8361
8362
8363
8365
8367
8376
8379
8380
8381
8382
8383
8385
8388
8390
8393
8394
8395
8398
8401
8404
8406
8407
8409
8410
8412
8415
8416
8418
8419
8420
8423
8425
8426
8427
8428
8429
8430
8433
8434
8435
8436
8437
8438
8440
8445
8447
8448
8449
8450
8451
8454
8455
8456
8457
8458
8459
8461
8463
8464
8465
8466
8468
8471
8472
8474
8475
8480
8481
8483
8484
8485
8490
8491
8492
8494
8496
8500
8503
8504
8505
8506
8510
8512
8514
8515
8516
8519
8523
8524
8525
8526
8530
8533
8534
8540
8542
8544
8545
8546
8547
8551
8552
8554
8555
8556
8557
8559
8560
8561
8563
8564
8566
8567
8569
8573
8574
8575
8576
8578
8580
8581
8582
8583
8584
8585
8588
8590
8594
8597
8599
8600
8601
8602
8603
8605
8606
8609
8611
8614
8616
8619
8622
8625
8626
8628
8630
8631
8634
8638
8642
8643
8644
8645
8646
8648
8649
8651
8655
8660
8661
8662
8664
8665
8667
8668
8669
8672
8678
8679
8680
8681
8683
8684
8686
8687
8688
8691
8692
8693
8694
8700
8701
8703
8704
8705
8706
8707
8709
8711
8715
8716
8719
8722
8724
8728
8730
8733
8736
8741
8743
8744
8748
8750
8751
8755
8756
8757
8758
8759
8760
8761
8762
8764
8766
8769
8770
8771
8772
8773
8774
8775
8778
8780
8781
8782
8783
8785
8792
8795
8796
8798
8799
8801
8804
8806
8808
8809
8810
8811
8814
8818
8825
8826
8828
8830
8833
8835
8840
8841
8843
8844
8845
8847
8848
8849
8852
8854
8855
8856
8860
8862
8863
8866
8867
8869
8870
8873
8877
8878
8879
8882
8883
8884
8885
8887
8890
8891
8892
8895
8901
8904
8908
8911
8917
8918
8921
8924
8927
8929
8931
8932
8935
8942
8945
8946
8947
8948
8953
8957
8958
8959
8960
8961
8962
8964
8965
8968
8970
8973
8976
8977
8980
8981
8982
8983
8984
8989
8990
8994
8997
8999
9002
9003
9004
9005
9006
9011
9015
9017
9021
9023
9025
9026
9027
9028
9029
9030
9032
9033
9037
9038
9039
9040
9045
9050
9052
9053
9054
9056
9057
9060
9061
9066
9067
9068
9071
9072
9074
9075
9076
9078
9079
9081
9082
9083
9085
9086
9087
9088
9092
9094
9096
9097
9098
9099
9101
9102
9107
9109
9111
9112
9113
9114
9115
9116
9118
9121
9122
9123
9126
9127
9128
9129
9131
9136
9138
9139
9140
9141
9142
9146
9147
9152
9154
9157
9159
9161
9162
9163
9165
9167
9170
9173
9176
9177
9179
9180
9182
9184
9185
9186
9190
9191
9193
9195
9196
9197
9201
9203
9205
9206
9211
9213
9214
9215
9217
9219
9221
9222
9223
9224
9228
9230
9231
9232
9233
9238
9243
9245
9246
9252
9253
9254
9257
9258
9260
9262
9263
9268
9269
9275
9276
9284
9290
9293
9294
9298
9299
9301
9302
9305
9308
9309
9310
9315
9317
9318
9321
9324
9327
9329
9332
9333
9334
9339
9340
9342
9343
9344
9345
9346
9347
9348
9353
9354
9355
9356
9359
9360
9361
9362
9364
9372
9373
9374
9375
9378
9380
9385
9386
9387
9388
9389
9390
9392
9396
9397
9399
9402
9403
9408
9409
9411
9413
9415
9416
9417
9418
9422
9424
9425
9428
9431
9435
9436
9438
9444
9445
9448
9450
9454
9455
9456
9457
9459
9461
9462
9465
9466
9472
9473
9474
9477
9478
9479
9480
9481
9482
9485
9486
9487
9490
9491
9495
9496
9498
9500
9502
9503
9504
9505
9507
9510
9514
9517
9518
9520
9524
9525
9529
9531
9537
9538
9539
9541
9542
9545
9546
9548
9549
9551
9553
9554
9555
9556
9557
9558
9560
9562
9563
9567
9568
9569
9571
9572
9575
9576
9578
9580
9581
9587
9590
9592
9593
9596
9597
9599
9600
9602
9603
9604
9607
9609
9615
9616
9617
9620
9622
9625
9627
9630
9631
9633
9634
9637
9640
9642
9644
9645
9646
9651
9657
9661
9665
9666
9668
9670
9671
9674
9679
9680
9682
9683
9685
9686
9691
9692
9693
9695
9696
9698
9699
9701
9703
9706
9707
9708
9709
9712
9721
9722
9725
9728
9732
9738
9739
9740
9743
9744
9745
9746
9748
9750
9751
9755
9756
9757
9758
9761
9763
9767
9768
9773
9774
9776
9778
9779
9782
9784
9785
9786
9787
9789
9790
9793
9795
9798
9799
9801
9802
9803
9806
9808
9811
9817
9818
9819
9820
9821
9823
9824
9827
9828
9829
9831
9834
9838
9841
9842
9843
9846
9849
9851
9852
9853
9855
9856
9860
9861
9862
9863
9865
9867
9869
9871
9872
9874
9875
9877
9880
9882
9883
9888
9889
9890
9894
9895
9898
9904
9905
9907
9908
9910
9912
9913
9916
9917
9919
9920
9921
9922
9923
9924
9928
9929
9932
9933
9934
9937
9939
9941
9943
9945
9949
9951
9953
9955
9956
9957
9958
9959
9962
9964
9967
9968
9971
9972
9973
9975
9976
9980
9982
9984
9985
9988
9990
9992
9993
9997
9999
10005
10007
10010
10011
10013
10015
10018
10021
10023
10024
10028
10032
10033
10035
10037
10039
10040
10043
10049
10051
10053
10054
10057
10058
10060
10062
10065
10067
10068
10073
10074
10075
10076
10078
10079
10082
10084
10086
10087
10089
10090
10094
10095
10097
10098
10099
10101
10103
10104
10110
10112
10113
10114
10117
10118
10119
10120
10121
10122
10123
10126
10129
10130
10133
10138
10139
10140
10141
10142
10143
10150
10151
10156
10160
10163
10169
10171
10175
10179
10180
10182
10183
10185
10186
10187
10189
10193
10196
10197
10199
10200
10202
10203
10204
10205
10208
10209
10210
10212
10214
10216
10222
10224
10226
10229
10231
10235
10236
10240
10241
10242
10243
10248
10250
10252
10253
10254
10256
10262
10264
10268
10269
10270
10272
10277
10278
10282
10286
10287
10291
10292
10294
10299
10302
10303
10306
10307
10308
10309
10310
10311
10313
10314
10315
10316
10318
10322
10323
10324
10326
10327
10328
10329
10331
10333
10334
10335
10336
10338
10339
10340
10341
10344
10351
10352
10358
10362
10364
10365
10366
10370
10372
10374
10376
10378
10379
10380
10381
10382
10383
10385
10389
10390
10391
10393
10394
10399
10400
10401
10405
10407
10411
10412
10418
10422
10425
10426
10428
10429
10430
10433
10437
10441
10445
10446
10447
10449
10450
10454
10456
10458
10459
10460
10462
10464
10467
10468
10469
10474
10477
10478
10485
10488
10490
10491
10492
10493
10495
10496
10497
10499
10501
10502
10506
10508
10511
10515
10516
10518
10520
10521
10523
10524
10527
10528
10531
10532
10535
10537
10538
10539
10542
10543
10544
10547
10549
10551
10552
10553
10555
10556
10558
10560
10562
10563
10566
10569
10570
10571
10573
10574
10575
10577
10579
10583
10589
10590
10592
10593
10594
10596
10597
10599
10600
10602
10603
10604
10610
10611
10619
10620
10622
10623
10624
10626
10627
10630
10635
10637
10640
10642
10644
10645
10646
10647
10648
10649
10651
10652
10654
10655
10656
10659
10664
10665
10666
10668
10670
10672
10673
10674
10675
10677
10679
10680
10682
10683
10686
10687
10691
10693
10694
10695
10697
10698
10699
10700
10701
10702
10703
10704
10705
10706
10707
10708
10709
10710
10711
10715
10716
10719
10720
10721
10722
10723
10725
10726
10728
10729
10731
10732
10733
10738
10739
10742
10744
10745
10748
10751
10753
10754
10755
10760
10761
10765
10766
10767
10769
10770
10772
10773
10778
10783
10784
10786
10788
10789
10793
10797
10801
10805
10808
10811
10812
10815
10816
10819
10820
10821
10823
10824
10826
10828
10829
10832
10833
10836
10837
10838
10839
10840
10842
10843
10844
10845
10846
10848
10850
10851
10852
10853
10854
10855
10856
10858
10860
10862
10863
10864
10866
10867
10869
10870
10872
10876
10877
10880
10885
10888
10890
10892
10895
10898
10899
10900
10902
10903
10904
10905
10907
10908
10910
10912
10913
10915
10916
10917
10918
10919
10921
10923
10925
10926
10927
10928
10930
10933
10935
10939
10941
10942
10945
10946
10947
10949
10950
10952
10953
10954
10955
10956
10959
10960
10962
10964
10966
10967
10968
10969
10970
10971
10974
10975
10976
10980
10981
10987
10990
10991
10993
10994
10996
10997
10999
11000
11001
11003
11004
11005
11006
11007
11012
11013
11015
11016
11019
11021
11022
11025
11029
11030
11035
11038
11041
11042
11049
11051
11052
11054
11057
11060
11061
11065
11067
11069
11073
11074
11075
11076
11077
11080
11087
11088
11090
11092
11093
11095
11097
11098
11100
11108
11111
11115
11117
11118
11122
11124
11125
11126
11129
11133
11135
11136
11137
11146
11148
11149
11151
11153
11156
11158
11166
11167
11168
11169
11170
11172
11177
11179
11181
11183
11186
11187
11188
11189
11190
11191
11194
11195
11196
11199
11205
11207
11208
11210
11211
11212
11216
11217
11222
11223
11225
11230
11232
11233
11234
11238
11244
11245
11246
11247
11251
11253
11258
11260
11261
11262
11263
11266
11270
11272
11274
11275
11277
11278
11280
11283
11285
11288
11289
11292
11298
11302
11305
11307
11308
11309
11310
11311
11318
11319
11320
11321
11323
11325
11326
11327
11328
11329
11331
11333
11337
11339
11342
11343
11345
11348
11350
11351
11354
11356
11357
11358
11359
11360
11361
11363
11365
11366
11367
11368
11370
11371
11372
11374
11377
11378
11379
11380
11381
11382
11391
11393
11394
11395
11396
11398
11399
11400
11402
11404
11407
11410
11411
11413
11415
11416
11419
11420
11421
11425
11428
11430
11431
11433
11434
11435
11436
11438
11439
11441
11442
11443
11444
11445
11447
11451
11453
11454
11456
11457
11459
11461
11462
11463
11464
11465
11466
11468
11470
11471
11473
11474
11476
11477
11478
11479
11486
11487
11489
11490
11493
11494
11495
11500
11502
11503
11504
11505
11506
11507
11508
11510
11512
11513
11514
11515
11517
11519
11520
11522
11523
11524
11525
11526
11528
11529
11531
11532
11535
11537
11540
11541
11548
11549
11550
11551
11552
11553
11556
11559
11560
11561
11562
11564
11566
11567
11568
11569
11571
11575
11576
11577
11579
11582
11585
11586
11589
11591
11592
11593
11594
11595
11597
11598
11600
11601
11603
11604
11606
11607
11608
11609
11611
11614
11615
11616
11617
11618
11621
11624
11625
11626
11627
11630
11636
11640
11641
11644
11646
11647
11649
11654
11655
11657
11659
11660
11661
11663
11665
11668
11669
11670
11671
11676
11677
11678
11679
11682
11683
11688
11692
11695
11696
11697
11698
11701
11702
11704
11705
11706
11707
11708
11709
11710
11711
11714
11716
11718
11724
11725
11726
11727
11730
11731
11732
11735
11738
11741
11742
11743
11744
11748
11750
11751
11752
11753
11755
11757
11758
11759
11761
11762
11764
11765
11766
11769
11770
11776
11778
11779
11781
11783
11784
11786
11787
11788
11789
11792
11796
11797
11798
11799
11801
11803
11806
11813
11816
11817
11818
11819
11820
11821
11822
11824
11825
11826
11829
11834
11835
11838
11839
11840
11842
11843
11844
11848
11851
11853
11854
11855
11857
11859
11860
11861
11863
11864
11866
11867
11868
11870
11872
11873
11874
11875
11876
11877
11878
11879
11883
11884
11885
11886
11889
11890
11893
11894
11895
11896
11899
11900
11903
11907
11909
11910
11911
11912
11914
11917
11918
11921
11922
11924
11927
11929
11930
11931
11933
11934
11935
11937
11938
11941
11944
11945
11949
11953
11956
11957
11961
11962
11964
11966
11972
11973
11974
11975
11976
11977
11978
11980
11984
11985
11988
11990
11991
11993
11995
11996
11997
12001
12002
12003
12004
12005
12006
12007
12008
12010
12011
12012
12013
12014
12015
12016
12020
12023
12025
12026
12027
12028
12029
12034
12035
12038
12039
12042
12044
12046
12047
12048
12051
12053
12054
12055
12056
12057
12060
12062
12063
12070
12072
12074
12076
12079
12080
12081
12082
12084
12086
12088
12089
12092
12093
12094
12095
12096
12099
12100
12101
12103
12106
12108
12111
12112
12113
12114
12116
12117
12118
12119
12121
12123
12125
12128
12129
12131
12132
12135
12136
12139
12142
12143
12147
12148
12149
12153
12156
12157
12158
12160
12161
12163
12164
12167
12168
12169
12172
12173
12177
12179
12180
12184
12185
12186
12187
12189
12192
12194
12197
12199
12200
12203
12204
12205
12206
12208
12212
12214
12215
12219
12220
12221
12224
12228
12230
12231
12236
12237
12240
12241
12242
12244
12246
12250
12251
12252
12253
12254
12255
12257
12259
12261
12262
12265
12266
12267
12269
12272
12274
12277
12278
12279
12280
12281
12283
12284
12285
12287
12289
12290
12294
12297
12298
12299
12302
12304
12305
12306
12307
12308
12310
12312
12315
12316
12318
12320
12321
12322
12330
12335
12336
12337
12340
12342
12349
12350
12351
12353
12354
12355
12356
12362
12363
12366
12368
12369
12372
12378
12380
12385
12386
12387
12389
12390
12391
12394
12399
12402
12403
12406
12409
12410
12413
12414
12416
12421
12428
12429
12431
12435
12437
12438
12440
12441
12443
12444
12446
12448
12452
12454
12455
12456
12457
12458
12459
12460
12462
12463
12465
12466
12467
12470
12471
12472
12475
12479
12481
12483
12484
12485
12488
12490
12492
12495
12496
12498
12499
12502
12504
12507
12510
12513
12514
12515
12516
12518
12519
12523
12524
12526
12527
12528
12530
12532
12534
12538
12542
12549
12552
12554
12557
12561
12563
12566
12568
12570
12571
12573
12574
12575
12577
12581
12582
12584
12586
12587
12588
12590
12591
12596
12597
12599
12600
12601
12605
12606
12610
12611
12614
12615
12619
12622
12623
12624
12626
12628
12629
12632
12637
12643
12644
12646
12648
12649
12650
12651
12652
12654
12658
12660
12661
12663
12664
12665
12667
12668
12669
12673
12674
12675
12677
12682
12683
12684
12687
12688
12691
12697
12700
12703
12704
12705
12706
12710
12711
12712
12715
12716
12719
12722
12724
12726
12729
12731
12733
12735
12737
12738
12741
12746
12749
12751
12752
12753
12754
12755
12759
12763
12767
12768
12769
12770
12772
12773
12776
12778
12779
12780
12781
12783
12784
12785
12786
12787
12788
12789
12791
12792
12793
12794
12797
12803
12804
12806
12807
12808
12809
12811
12818
12820
12821
12822
12823
12824
12825
12826
12830
12831
12833
12836
12839
12841
12843
12845
12846
12847
12848
12849
12850
12852
12853
12854
12856
12858
12859
12860
12865
12866
12868
12869
12872
12873
12875
12877
12879
12880
12882
12883
12884
12885
12890
12891
12892
12894
12895
12896
12897
12902
12905
12906
12907
12908
12909
12911
12912
12913
12915
12916
12917
12918
12919
12920
12923
12925
12927
12929
12931
12932
12937
12938
12940
12942
12943
12944
12945
12950
12951
12954
12963
12965
12966
12967
12968
12969
12970
12971
12972
12974
12975
12978
12981
12984
12985
12986
12988
12991
12995
12996
12997
12999
13000
13003
13005
13006
13007
13009
13010
13012
13015
13016
13018
13019
13020
13024
13025
13026
13028
13029
13030
13032
13034
13036
13042
13046
13048
13049
13050
13051
13052
13053
13054
13055
13057
13058
13060
13064
13066
13070
13071
13073
13075
13077
13078
13080
13085
13087
13088
13090
13093
13095
13096
13097
13100
13101
13102
13104
13105
13108
13109
13110
13112
13115
13117
13119
13120
13121
13122
13123
13124
13128
13130
13132
13134
13135
13136
13137
13139
13140
13141
13143
13144
13147
13148
13149
13150
13151
13153
13156
13157
13158
13159
13160
13162
13163
13165
13169
13171
13172
13173
13174
13175
13176
13177
13178
13179
13180
13181
13182
13183
13186
13187
13190
13191
13194
13198
13199
13202
13204
13205
13206
13208
13209
13211
13213
13218
13219
13220
13221
13223
13226
13231
13235
13236
13242
13251
13253
13254
13255
13256
13258
13262
13266
13270
13273
13274
13276
13278
13280
13282
13283
13287
13289
13292
13293
13294
13295
13298
13299
13300
13301
13306
13307
13311
13313
13314
13316
13320
13321
13322
13325
13328
13331
13332
13333
13335
13336
13337
13338
13342
13343
13344
13345
13348
13349
13353
13354
13355
13356
13358
13359
13362
13363
13364
13370
13371
13372
13373
13376
13378
13380
13383
13384
13385
13387
13390
13391
13392
13393
13394
13395
13397
13399
13400
13401
13403
13408
13409
13414
13416
13419
13421
13422
13423
13424
13426
13428
13429
13433
13436
13437
13438
13439
13445
13446
13455
13456
13457
13459
13460
13462
13464
13466
13469
13470
13474
13476
13477
13478
13479
13480
13482
13483
13484
13486
13487
13488
13489
13491
13492
13495
13496
13497
13499
13500
13501
13504
13505
13507
13508
13511
13515
13518
13521
13526
13527
13528
13531
13532
13533
13536
13538
13541
13545
13546
13548
13549
13550
13551
13552
13553
13554
13555
13556
13562
13564
13570
13571
13575
13577
13578
13579
13581
13582
13584
13586
13588
13589
13590
13591
13592
13594
13595
13596
13597
13598
13599
13600
13601
13603
13606
13607
13608
13610
13611
13612
13614
13617
13618
13619
13620
13621
13622
13623
13625
13626
13628
13629
13631
13639
13640
13642
13643
13647
13648
13651
13652
13654
13656
13657
13658
13659
13660
13662
13665
13666
13668
13669
13671
13672
13675
13676
13679
13681
13682
13683
13685
13689
13690
13692
13695
13697
13699
13702
13703
13704
13706
13708
13709
13710
13711
13720
13721
13722
13723
13726
13729
13731
13735
13736
13737
13739
13740
13741
13742
13743
13744
13746
13747
13749
13750
13754
13755
13757
13758
13761
13764
13765
13773
13774
13780
13781
13782
13786
13789
13793
13794
13798
13799
13801
13802
13804
13805
13807
13808
13809
13812
13814
13818
13819
13820
13821
13825
13826
13828
13829
13830
13831
13833
13835
13836
13839
13843
13844
13845
13846
13849
13855
13859
13860
13863
13864
13868
13871
13872
13873
13874
13877
13880
13882
13883
13887
13889
13891
13894
13895
13897
13900
13901
13903
13904
13906
13907
13908
13909
13910
13912
13914
13915
13916
13918
13922
13925
13927
13928
13930
13934
13936
13937
13939
13941
13944
13947
13948
13953
13954
13957
13958
13960
13962
13965
13967
13968
13972
13973
13982
13983
13988
13992
13994
13996
13998
13999
14002
14003
14004
14005
14006
14008
14009
14010
14011
14012
14015
14016
14017
14018
14019
14020
14021
14025
14031
14032
14034
14036
14038
14041
14043
14044
14046
14047
14048
14049
14050
14054
14055
14056
14059
14060
14062
14064
14066
14067
14069
14070
14071
14074
14075
14077
14078
14079
14080
14081
14082
14085
14088
14090
14092
14093
14099
14100
14101
14102
14104
14109
14110
14113
14114
14117
14118
14119
14122
14124
14125
14127
14133
14134
14136
14138
14142
14144
14145
14147
14149
14151
14152
14154
14156
14161
14163
14164
14166
14167
14169
14170
14171
14172
14178
14179
14182
14187
14188
14190
14191
14193
14195
14197
14199
14201
14202
14203
14207
14208
14209
14211
14212
14213
14215
14216
14223
14224
14226
14228
14230
14231
14232
14235
14236
14238
14240
14241
14248
14250
14251
14254
14257
14258
14259
14260
14261
14263
14266
14267
14270
14271
14272
14273
14274
14275
14277
14281
14284
14285
14286
14288
14289
14290
14293
14296
14297
14298
14299
14300
14303
14305
14306
14310
14312
14318
14320
14321
14322
14323
14324
14328
14329
14330
14332
14335
14337
14338
14339
14342
14345
14348
14349
14350
14351
14354
14355
14357
14358
14361
14364
14368
14372
14373
14374
14376
14380
14381
14382
14383
14384
14385
14387
14388
14389
14390
14391
14392
14403
14405
14407
14408
14410
14411
14413
14418
14419
14420
14423
14425
14427
14430
14431
14437
14440
14441
14442
14444
14445
14447
14448
14449
14450
14453
14455
14456
14460
14461
14462
14465
14467
14469
14471
14483
14485
14486
14488
14489
14490
14494
14496
14498
14499
14503
14504
14506
14507
14508
14510
14513
14515
14516
14517
14518
14519
14522
14523
14526
14528
14529
14531
14537
14538
14540
14542
14544
14545
14547
14549
14550
14552
14553
14556
14557
14563
14564
14567
14568
14570
14574
14576
14578
14579
14580
14581
14583
14589
14592
14593
14595
14598
14599
14601
14604
14607
14610
14611
14612
14614
14616
14619
14621
14623
14624
14627
14629
14630
14633
14635
14636
14637
14638
14641
14642
14643
14647
14650
14651
14653
14657
14658
14659
14660
14662
14663
14664
14665
14666
14668
14669
14670
14673
14674
14676
14678
14680
14681
14684
14685
14688
14689
14690
14692
14694
14695
14696
14697
14698
14700
14703
14704
14707
14713
14715
14717
14720
14725
14728
14731
14733
14734
14735
14737
14740
14743
14745
14746
14747
14748
14749
14750
14751
14752
14753
14754
14755
14760
14762
14763
14765
14766
14769
14771
14773
14774
14775
14778
14779
14780
14783
14788
14789
14790
14792
14793
14794
14797
14798
14799
14802
14803
14804
14805
14806
14808
14809
14810
14812
14813
14814
14817
14818
14819
14820
14821
14822
14823
14825
14826
14827
14829
14833
14834
14835
14836
14837
14838
14839
14840
14841
14844
14845
14846
14847
14848
14850
14851
14852
14854
14855
14856
14858
14859
14861
14862
14865
14866
14867
14870
14871
14872
14873
14874
14875
14878
14879
14880
14886
14889
14890
14891
14893
14894
14895
14896
14898
14899
14901
14902
14904
14906
14907
14909
14910
14913
14916
14919
14922
14923
14924
14925
14930
14934
14937
14938
14942
14943
14947
14949
14951
14955
14960
14961
14967
14971
14972
14974
14975
14976
14979
14983
14984
14986
14988
14990
14991
14999
15000
15001
15003
15005
15007
15008
15009
15010
15011
15012
15013
15015
15016
15017
15018
15019
15021
15022
15026
15028
15029
15031
15032
15035
15036
15038
15042
15043
15044
15046
15047
15048
15049
15050
15051
15052
15054
15055
15056
15057
15058
15059
15061
15063
15065
15066
15067
15068
15069
15070
15071
15074
15075
15078
15079
15080
15085
15086
15088
15090
15091
15092
15096
15098
15100
15103
15104
15106
15109
15112
15114
15116
15118
15120
15123
15124
15126
15128
15130
15131
15134
15135
15136
15138
15139
15140
15141
15142
15144
15145
15147
15149
15150
15153
15154
15155
15158
15163
15164
15165
15166
15167
15168
15170
15171
15173
15174
15175
15176
15184
15185
15186
15188
15189
15192
15193
15194
15195
15196
15198
15199
15200
15202
15206
15209
15211
15214
15216
15219
15221
15224
15227
15235
15236
15239
15240
15241
15242
15244
15246
15247
15248
15251
15252
15253
15254
15255
15256
15259
15260
15261
15262
15263
15267
15269
15272
15273
15274
15275
15276
15278
15279
15281
15283
15284
15287
15289
15290
15291
15294
15295
15296
15300
15301
15304
15311
15313
15315
15316
15318
15319
15321
15323
15328
15330
15332
15334
15336
15337
15338
15341
15342
15345
15346
15347
15350
15352
15353
15355
15356
15358
15360
15361
15363
15366
15367
15368
15369
15370
15372
15374
15379
15381
15383
15385
15386
15388
15389
15390
15396
15399
15400
15401
15402
15403
15405
15406
15407
15409
15410
15413
15414
15418
15419
15425
15428
15429
15430
15434
15438
15441
15443
15445
15446
15447
15448
15451
15452
15453
15454
15462
15466
15469
15470
15471
15472
15473
15474
15476
15477
15479
15480
15481
15483
15484
15486
15489
15491
15492
15494
15495
15496
15497
15498
15499
15501
15504
15505
15506
15508
15509
15510
15512
15514
15515
15516
15518
15520
15521
15523
15524
15528
15529
15532
15534
15535
15537
15539
15540
15546
15548
15551
15555
15556
15557
15558
15561
15562
15566
15567
15569
15570
15571
15572
15576
15577
15579
15580
15581
15582
15584
15585
15586
15588
15590
15593
15595
15597
15598
15599
15600
15601
15602
15603
15604
15606
15609
15610
15621
15622
15624
15625
15626
15628
15631
15632
15635
15636
15639
15645
15646
15647
15650
15651
15653
15654
15655
15656
15658
15659
15660
15661
15662
15663
15666
15667
15669
15670
15671
15672
15675
15676
15678
15679
15680
15683
15684
15686
15688
15691
15694
15700
15701
15703
15704
15705
15710
15713
15714
15723
15724
15725
15727
15728
15729
15733
15735
15740
15741
15742
15743
15744
15747
15748
15750
15753
15755
15759
15761
15762
15763
15765
15766
15768
15770
15771
15772
15773
15775
15776
15778
15782
15783
15786
15790
15792
15795
15796
15797
15798
15799
15800
15801
15803
15805
15806
15807
15812
15815
15817
15818
15821
15822
15826
15831
15834
15835
15836
15841
15842
15844
15846
15848
15850
15853
15855
15859
15861
15862
15863
15864
15865
15867
15869
15870
15871
15872
15873
15874
15875
15877
15878
15880
15883
15884
15885
15886
15887
15889
15890
15891
15896
15898
15900
15901
15902
15904
15905
15908
15909
15911
15912
15914
15915
15918
15919
15921
15922
15923
15925
15929
15936
15937
15938
15940
15941
15944
15949
15950
15951
15952
15954
15955
15956
15958
15961
15967
15970
15971
15972
15974
15976
15977
15983
15984
15985
15986
15989
15994
15996
15997
15999
16001
16004
16007
16009
16015
16016
16017
16022
16024
16025
16026
16027
16028
16029
16031
16032
16035
16038
16042
16043
16044
16045
16048
16050
16051
16052
16055
16056
16057
16060
16063
16064
16068
16069
16070
16071
16073
16075
16078
16080
16081
16082
16083
16084
16085
16087
16088
16089
16093
16094
16097
16099
16100
16102
16106
16109
16111
16112
16114
16116
16117
16121
16123
16124
16126
16127
16129
16130
16132
16133
16134
16135
16136
16137
16139
16141
16142
16144
16146
16147
16151
16152
16153
16155
16159
16160
16162
16163
16164
16165
16167
16171
16178
16179
16180
16181
16185
16186
16189
16191
16195
16198
16200
16201
16202
16204
16205
16206
16209
16211
16212
16213
16214
16215
16223
16231
16232
16235
16239
16240
16243
16246
16248
16250
16252
16253
16255
16258
16259
16266
16267
16268
16269
16272
16273
16274
16275
16278
16279
16286
16287
16288
16290
16292
16293
16296
16297
16300
16305
16308
16309
16312
16314
16315
16316
16317
16318
16319
16322
16324
16325
16329
16331
16335
16336
16337
16339
16341
16342
16343
16344
16345
16346
16347
16348
16349
16350
16351
16352
16353
16354
16356
16357
16358
16362
16364
16368
16371
16372
16373
16375
16376
16378
16379
16380
16381
16383
16384
16388
16389
16393
16398
16399
16400
16401
16404
16405
16407
16408
16409
16412
16415
16417
16420
16422
16424
16426
16430
16440
16441
16445
16447
16450
16451
16452
16456
16458
16459
16460
16461
16462
16463
16465
16467
16468
16470
16471
16475
16476
16478
16479
16483
16485
16486
16489
16490
16492
16493
16494
16499
16503
16505
16506
16507
16509
16510
16511
16512
16516
16518
16519
16520
16523
16526
16528
16530
16531
16534
16535
16536
16537
16538
16540
16542
16543
16544
16547
16550
16551
16555
16557
16561
16562
16568
16572
16573
16575
16577
16579
16582
16583
16584
16585
16587
16588
16593
16594
16595
16596
16598
16600
16603
16606
16607
16608
16611
16612
16613
16617
16621
16622
16624
16626
16630
16631
16632
16634
16635
16636
16637
16639
16641
16642
16644
16646
16650
16651
16652
16656
16658
16659
16660
16669
16670
16672
16673
16678
16681
16683
16687
16689
16691
16693
16694
16699
16700
16702
16703
16706
16709
16710
16712
16715
16716
16720
16723
16724
16725
16728
16732
16737
16739
16744
16745
16746
16749
16753
16755
16757
16758
16759
16761
16762
16763
16764
16765
16766
16767
16771
16776
16777
16778
16781
16782
16783
16786
16790
16794
16795
16796
16801
16802
16805
16809
16811
16812
16813
16816
16817
16822
16823
16824
16826
16828
16830
16832
16835
16836
16837
16840
16841
16842
16844
16845
16850
16851
16852
16853
16854
16855
16864
16869
16874
16875
16877
16878
16880
16882
16883
16884
16886
16889
16890
16891
16893
16894
16898
16901
16902
16904
16907
16908
16911
16913
16914
16915
16916
16917
16919
16922
16926
16927
16928
16929
16931
16932
16934
16935
16937
16939
16941
16946
16947
16949
16952
16954
16958
16960
16961
16962
16963
16965
16967
16968
16969
16972
16975
16976
16977
16978
16980
16981
16984
16985
16987
16991
16996
17000
17003
17004
17008
17009
17010
17011
17012
17013
17014
17015
17016
17018
17020
17021
17022
17023
17025
17026
17027
17030
17033
17035
17036
17038
17039
17040
17041
17042
17043
17044
17046
17059
17061
17062
17066
17067
17068
17070
17071
17077
17079
17084
17085
17086
17087
17090
17091
17094
17096
17097
17098
17101
17105
17109
17111
17112
17114
17115
17116
17119
17120
17123
17129
17132
17134
17135
17139
17141
17142
17143
17145
17146
17150
17151
17155
17157
17158
17159
17162
17166
17172
17173
17177
17179
17184
17188
17189
17190
17191
17192
17195
17196
17197
17201
17202
17203
17206
17207
17208
17209
17210
17211
17213
17214
17216
17218
17220
17221
17222
17223
17224
17227
17230
17236
17240
17242
17243
17246
17247
17250
17252
17254
17256
17257
17258
17259
17260
17261
17263
17264
17267
17269
17273
17274
17276
17277
17279
17281
17282
17284
17288
17291
17294
17298
17299
17302
17303
17305
17307
17310
17313
17314
17315
17318
17321
17322
17324
17332
17333
17336
17337
17340
17344
17345
17348
17349
17351
17354
17356
17357
17359
17360
17362
17364
17368
17371
17372
17374
17381
17382
17383
17387
17390
17391
17396
17398
17400
17401
17402
17405
17407
17408
17413
17414
17415
17416
17417
17426
17427
17428
17431
17433
17434
17435
17436
17440
17441
17447
17450
17451
17453
17454
17455
17456
17459
17462
17464
17466
17468
17472
17473
17475
17483
17487
17490
17491
17494
17496
17498
17499
17500
17501
17502
17504
17505
17507
17510
17512
17514
17515
17516
17517
17518
17522
17528
17531
17532
17533
17534
17536
17539
17541
17542
17543
17548
17550
17551
17553
17554
17555
17557
17559
17561
17567
17570
17577
17578
17579
17581
17582
17583
17584
17588
17590
17592
17594
17595
17596
17599
17600
17604
17608
17609
17612
17613
17614
17616
17617
17618
17622
17623
17624
17626
17628
17630
17631
17632
17633
17635
17636
17637
17641
17643
17645
17649
17654
17655
17660
17663
17664
17670
17671
17674
17675
17676
17677
17678
17679
17680
17681
17682
17683
17685
17686
17687
17690
17692
17693
17694
17696
17698
17701
17704
17707
17710
17711
17713
17714
17715
17716
17718
17720
17721
17722
17724
17726
17732
17737
17739
17746
17753
17757
17758
17759
17761
17762
17764
17766
17769
17770
17774
17777
17782
17784
17785
17787
17788
17789
17790
17791
17792
17793
17795
17798
17799
17800
17801
17804
17806
17809
17810
17812
17814
17819
17820
17821
17823
17825
17830
17831
17835
17838
17845
17846
17848
17849
17852
17855
17856
17857
17858
17860
17861
17863
17865
17867
17868
17869
17870
17871
17877
17878
17879
17880
17882
17885
17886
17888
17889
17892
17893
17895
17896
17897
17901
17903
17904
17905
17907
17912
17913
17914
17917
17919
17920
17923
17924
17926
17927
17930
17931
17932
17934
17936
17937
17939
17942
17943
17947
17950
17951
17952
17953
17964
17966
17967
17968
17970
17971
17972
17975
17976
17979
17980
17981
17982
17985
17986
17987
17988
17992
17995
17996
17997
17999
18001
18002
18004
18006
18008
18009
18012
18014
18015
18018
18019
18020
18021
18023
18024
18025
18026
18028
18030
18031
18034
18035
18038
18040
18041
18042
18043
18045
18046
18047
18049
18052
18057
18058
18059
18063
18064
18065
18069
18071
18074
18080
18083
18085
18089
18091
18092
18093
18094
18095
18096
18098
18100
18103
18106
18112
18114
18115
18117
18118
18120
18121
18124
18126
18128
18129
18133
18136
18137
18138
18143
18144
18150
18151
18153
18155
18156
18159
18162
18165
18168
18170
18171
18173
18174
18176
18177
18178
18181
18182
18187
18191
18193
18195
18197
18198
18199
18200
18205
18206
18207
18212
18215
18216
18217
18218
18221
18223
18224
18225
18226
18229
18230
18234
18236
18237
18238
18239
18241
18242
18243
18244
18245
18247
18249
18252
18254
18256
18257
18258
18261
18262
18266
18267
18268
18276
18278
18281
18282
18285
18286
18288
18290
18293
18294
18298
18299
18301
18302
18303
18304
18308
18314
18315
18316
18320
18322
18323
18326
18331
18332
18334
18335
18336
18337
18339
18340
18341
18344
18345
18350
18351
18355
18360
18363
18364
18365
18368
18370
18375
18377
18378
18379
18380
18382
18383
18384
18385
18386
18389
18396
18397
18398
18399
18400
18401
18403
18405
18406
18408
18409
18412
18414
18415
18416
18418
18420
18422
18423
18424
18425
18426
18429
18430
18432
18433
18434
18436
18437
18438
18439
18440
18441
18443
18445
18446
18448
18450
18451
18452
18453
18454
18455
18456
18458
18459
18461
18462
18463
18464
18466
18469
18470
18471
18473
18475
18476
18477
18478
18479
18481
18483
18485
18486
18488
18494
18495
18498
18500
18501
18503
18504
18506
18507
18508
18509
18510
18515
18516
18517
18521
18529
18530
18531
18533
18535
18538
18540
18542
18543
18545
18547
18548
18556
18563
18565
18566
18568
18569
18571
18573
18574
18575
18576
18577
18578
18579
18580
18581
18582
18583
18586
18587
18589
18597
18598
18601
18602
18608
18609
18612
18614
18615
18616
18617
18620
18621
18623
18624
18625
18626
18630
18634
18635
18636
18639
18642
18643
18647
18648
18649
18651
18654
18655
18656
18659
18660
18661
18663
18664
18669
18673
18677
18680
18681
18682
18683
18685
18686
18687
18688
18689
18690
18692
18694
18695
18697
18702
18703
18705
18707
18708
18709
18710
18712
18713
18714
18715
18718
18721
18726
18728
18729
18730
18731
18735
18736
18737
18738
18739
18740
18741
18743
18747
18750
18752
18755
18756
18757
18758
18763
18765
18769
18772
18773
18778
18779
18783
18784
18785
18787
18791
18792
18793
18794
18795
18796
18798
18803
18805
18807
18808
18809
18810
18812
18813
18814
18817
18820
18824
18826
18827
18828
18830
18831
18833
18836
18837
18844
18846
18848
18849
18852
18855
18856
18858
18860
18861
18864
18865
18871
18873
18878
18879
18883
18884
18886
18887
18888
18889
18891
18892
18894
18895
18899
18901
18904
18906
18909
18910
18911
18913
18917
18918
18919
18920
18921
18923
18924
18925
18930
18931
18933
18934
18935
18936
18937
18942
18943
18944
18945
18950
18954
18956
18957
18959
18964
18965
18968
18970
18972
18975
18977
18978
18982
18983
18984
18986
18987
18991
18992
18994
18996
19001
19003
19005
19006
19007
19009
19010
19012
19014
19016
19017
19019
19028
19032
19034
19039
19040
19041
19043
19044
19045
19046
19050
19051
19053
19054
19058
19060
19068
19070
19071
19072
19073
19074
19075
19076
19077
19078
19079
19080
19082
19083
19084
19085
19090
19091
19092
19094
19095
19097
19102
19103
19104
19105
19111
19112
19115
19117
19119
19120
19122
19125
19128
19131
19134
19137
19142
19144
19145
19146
19147
19149
19152
19158
19162
19164
19165
19166
19169
19171
19172
19174
19175
19176
19177
19178
19179
19180
19185
19187
19188
19189
19190
19192
19195
19197
19198
19199
19200
19202
19203
19206
19207
19208
19209
19210
19212
19214
19215
19217
19218
19219
19222
19223
19225
19226
19229
19231
19232
19235
19237
19239
19240
19241
19242
19246
19250
19253
19254
19255
19258
19261
19263
19264
19267
19268
19269
19270
19271
19272
19273
19276
19279
19282
19284
19285
19288
19291
19292
19293
19294
19298
19299
19300
19301
19303
19308
19309
19311
19315
19321
19322
19325
19326
19328
19329
19330
19333
19334
19335
19337
19339
19344
19350
19351
19353
19360
19363
19364
19367
19368
19370
19372
19375
19376
19379
19381
19382
19384
19389
19391
19392
19394
19395
19396
19398
19400
19403
19404
19408
19409
19410
19411
19412
19418
19419
19420
19421
19422
19424
19426
19427
19428
19430
19432
19434
19435
19439
19440
19447
19448
19449
19450
19451
19452
19461
19463
19465
19467
19469
19471
19472
19475
19476
19478
19481
19483
19484
19485
19486
19487
19497
19498
19500
19503
19504
19505
19506
19507
19508
19512
19514
19516
19517
19518
19520
19524
19525
19529
19532
19533
19535
19538
19540
19545
19546
19548
19549
19550
19551
19554
19555
19556
19559
19560
19561
19563
19564
19565
19567
19570
19571
19572
19573
19574
19577
19580
19581
19584
19590
19592
19594
19598
19601
19603
19609
19610
19611
19615
19617
19618
19619
19622
19624
19626
19628
19629
19630
19632
19634
19635
19636
19637
19638
19639
19641
19644
19645
19647
19649
19651
19652
19653
19654
19661
19662
19665
19666
19667
19668
19671
19672
19673
19674
19676
19678
19679
19681
19683
19684
19686
19687
19688
19689
19691
19693
19695
19697
19700
19701
19702
19704
19706
19708
19711
19712
19713
19715
19717
19718
19719
19723
19725
19727
19728
19729
19730
19732
19736
19737
19740
19743
19744
19745
19747
19749
19751
19752
19753
19754
19756
19757
19758
19760
19762
19766
19767
19768
19771
19773
19774
19777
19779
19781
19786
19790
19794
19795
19796
19800
19801
19802
19804
19809
19810
19812
19814
19815
19816
19818
19819
19821
19822
19823
19826
19828
19829
19831
19833
19835
19836
19838
19839
19840
19842
19844
19846
19848
19849
19851
19853
19854
19856
19859
19860
19862
19864
19867
19869
19873
19874
19876
19878
19882
19883
19884
19886
19887
19888
19889
19891
19892
19893
19894
19895
19896
19897
19899
19901
19903
19906
19907
19908
19909
19912
19916
19917
19918
19919
19920
19921
19923
19924
19928
19929
19930
19931
19933
19938
19941
19942
19943
19947
19948
19950
19951
19956
19958
19959
19960
19961
19965
19967
19969
19972
19975
19976
19977
19978
19979
19980
19982
19983
19985
19987
19990
19993
19994
19995
19998
